Sudoku gerado:
|---------------------- |
| 2 8 6 | 3 7 9 | 5 4 1 |
| 3 7 9 | 5 4 1 | 2 8 6 |
| 5 4 1 | 8 2 6 | 3 7 9 |
|---------------------- |
| 8 2 3 | 6 9 7 | 4 1 5 |
| 6 9 7 | 4 1 5 | 8 2 3 |
| 4 1 5 | 2 8 3 | 6 9 7 |
|---------------------- |
| 7 6 8 | 9 3 2 | 1 5 4 |
| 9 3 2 | 1 5 4 | 7 6 8 |
| 1 5 4 | 7 6 8 | 9 3 2 |
|---------------------- |

Sudoku Solucionado:
|---------------------- |
| 2 8 6 | 3 7 9 | 5 4 1 |
| 3 7 9 | 5 4 1 | 2 8 6 |
| 5 4 1 | 8 2 6 | 3 7 9 |
|---------------------- |
| 8 2 3 | 6 9 7 | 4 1 5 |
| 6 9 7 | 4 1 5 | 8 2 3 |
| 4 1 5 | 2 8 3 | 6 9 7 |
|---------------------- |
| 7 6 8 | 9 3 2 | 1 5 4 |
| 9 3 2 | 1 5 4 | 7 6 8 |
| 1 5 4 | 7 6 8 | 9 3 2 |
|---------------------- |

O Sudoku e valido? Sim

Tempo de execucao do codigo: 0.004518270492553711 segundos
Tempo de execucao gerar Sudoku: 0.0009593963623046875 segundos
Tempo de execucao do algoritmo de coloracao: 0.00205230712890625 segundos
Numero de chamadas recursivas: 4
Numero de cores testadas: 3425
